0
//EventName              DropZen   ItemDropRate   ItemDropCount   SetItemDropRate   ItemDropType   Fireworks	
"Nightmare"		 1000	   100		  3		  0		    0		   0
end

1
//Section   Type   MinLevel   MaxLevel   Skill   Luck   Option   Excellent
0           20     5          7          1       1      1        4
0           21     5          7          1       1      1        4
4           20     5          7          1       1      1        4
2           12     5          7          1       1      1        4
5           11     5          7          1       1      1        4
0           16     0          0          1       0      0        4
3           10     0          0          1       0      0        4
5           6      0          0          1       0      0        4
5           9      0          0          1       0      0        4
2           10     0          0          1       0      0        4
0           31     0          0          1       0      0        4
0           20     0          0          1       0      0        4
2           12     0          0          1       0      0        4
4           20     0          0          1       0      0        4
6           13     0          0          1       0      0        4
6           16     0          0          1       0      0        4
8           34     5          7          0       1      1        4
8           35     5          7          0       1      1        4
8           36     5          7          0       1      1        4
8           37     5          7          0       1      1        4
8           38     5          7          0       1      1        4
8           29     5          7          0       1      1        4
8           30     5          7          0       1      1        4
8           31     5          7          0       1      1        4
8           32     5          7          0       1      1        4
8           33     5          7          0       1      1        4
7           21     5          7          0       1      1        4
8           21     5          7          0       1      1        4
9           21     5          7          0       1      1        4
7           22     5          7          0       1      1        4
8           22     5          7          0       1      1        4
9           22     5          7          0       1      1        4
7           24     5          7          0       1      1        4
8           24     5          7          0       1      1        4
9           24     5          7          0       1      1        4
8           23     5          7          0       1      1        4
9           23     5          7          0       1      1        4
10          23     5          7          0       1      1        4
11          23     5          7          0       1      1        4
7           27     5          7          0       1      1        4
8           27     5          7          0       1      1        4
9           27     5          7          0       1      1        4
8           16     0          0          0       0      0        4
7           17     0          0          0       0      0        4
8           17     0          0          0       0      0        4
9           17     0          0          0       0      0        4
7           18     0          0          0       0      0        4
8           18     0          0          0       0      0        4
9           18     0          0          0       0      0        4
7           19     0          0          0       0      0        4
8           19     0          0          0       0      0        4
9           19     0          0          0       0      0        4
8           15     0          0          0       0      0        4
9           15     0          0          0       0      0        4
7           26     0          0          0       0      0        4
8           26     0          0          0       0      0        4
10          21     0          0          0       0      0        4
11          21     0          0          0       0      0        4
10          22     0          0          0       0      0        4
11          22     0          0          0       0      0        4
10          24     0          0          0       0      0        4
11          24     0          0          0       0      0        4
10          20     0          0          0       0      0        4
11          20     0          0          0       0      0        4
10          27     0          0          0       0      0        4
11          27     0          0          0       0      0        4
14          19     6          6          0       0      0        4
13          18     6          7          0       0      0        4
14          28     6          7          0       0      0        4
14          41     0          0          0       0      0        0
end